VOCdevkit/VOC2007/JPEGImages/boat1.jpg 351,337,419,387,0
VOCdevkit/VOC2007/JPEGImages/boat10.jpg 351,357,400,416,0
VOCdevkit/VOC2007/JPEGImages/boat11.jpg 391,321,433,382,0
VOCdevkit/VOC2007/JPEGImages/boat12.jpg 366,322,410,381,0
VOCdevkit/VOC2007/JPEGImages/boat13.jpg 353,468,393,505,0 348,451,393,499,0 343,447,380,483,0 333,435,373,481,0 322,423,359,468,0 321,403,354,453,0 313,383,346,430,0
VOCdevkit/VOC2007/JPEGImages/boat14.jpg 453,383,483,433,0 445,399,483,458,0 438,420,478,470,0 428,433,471,478,0 419,443,462,486,0 405,451,456,496,0 406,468,454,504,0
VOCdevkit/VOC2007/JPEGImages/boat17.jpg 414,379,451,451,0 422,452,463,491,0
VOCdevkit/VOC2007/JPEGImages/boat19.jpg 398,315,447,372,0
VOCdevkit/VOC2007/JPEGImages/boat2.jpg 376,335,450,384,0
VOCdevkit/VOC2007/JPEGImages/boat20.jpg 353,313,399,375,0
VOCdevkit/VOC2007/JPEGImages/boat21.jpg 383,381,434,426,0
VOCdevkit/VOC2007/JPEGImages/boat22.jpg 363,380,416,426,0
VOCdevkit/VOC2007/JPEGImages/boat24.jpg 413,455,457,503,0 393,379,413,436,0
VOCdevkit/VOC2007/JPEGImages/boat25.jpg 245,462,310,534,0 518,163,598,223,0
VOCdevkit/VOC2007/JPEGImages/boat26.jpg 203,163,283,221,0 490,465,551,535,0
VOCdevkit/VOC2007/JPEGImages/boat27.jpg 325,448,402,488,0 374,353,411,434,0
VOCdevkit/VOC2007/JPEGImages/boat28.jpg 388,353,423,432,0 400,449,478,488,0
VOCdevkit/VOC2007/JPEGImages/boat29.jpg 293,438,376,468,0
VOCdevkit/VOC2007/JPEGImages/boat3.jpg 385,331,432,383,0
VOCdevkit/VOC2007/JPEGImages/boat30.jpg 424,439,506,468,0
VOCdevkit/VOC2007/JPEGImages/boat31.jpg 165,321,198,360,0 194,304,228,362,0
VOCdevkit/VOC2007/JPEGImages/boat32.jpg 574,308,603,359,0 605,322,631,362,0
VOCdevkit/VOC2007/JPEGImages/boat33.jpg 387,378,430,417,0 423,420,473,471,0
VOCdevkit/VOC2007/JPEGImages/boat34.jpg 369,379,413,418,0 329,420,376,469,0
VOCdevkit/VOC2007/JPEGImages/boat35.jpg 1440,600,1517,696,0 1576,1181,1653,1275,0 1461,1092,1536,1183,0 1368,1230,1423,1320,0 1347,1194,1408,1273,0 1087,941,1162,1032,0 1008,924,1076,1009,0 1330,932,1442,985,0 1206,954,1296,1000,0 1204,869,1249,951,0 1495,913,1595,951,0 1544,849,1638,922,0 1651,722,1708,826,0 1638,677,1668,786,0 1587,715,1629,811,0 1442,707,1481,794,0 1495,751,1589,815,0 1379,766,1423,871,0 979,605,1047,694,0 1076,632,1161,732,0 1121,847,1187,922,0 1178,777,1251,869,0 1170,713,1244,802,0 1238,700,1298,790,0 1287,788,1362,881,0 1306,762,1378,836,0 1281,694,1353,773,0 1340,709,1383,773,0
VOCdevkit/VOC2007/JPEGImages/boat39.jpg 161,39,191,86,0 272,94,294,141,0 350,217,372,258,0 537,136,565,183,0 642,250,659,298,0 545,311,566,356,0 676,407,702,454,0 711,531,734,572,0 627,495,646,536,0 536,473,564,513,0 526,388,546,441,0 421,345,444,393,0 287,304,307,352,0 324,423,343,474,0 213,371,232,411,0 204,542,240,588,0 31,494,56,549,0
VOCdevkit/VOC2007/JPEGImages/boat39_flip.jpg 741,37,773,90,0 641,94,656,140,0 558,218,581,260,0 626,299,642,351,0 702,370,715,409,0 876,494,897,552,0 692,536,732,586,0 582,421,607,476,0 485,343,513,397,0 366,139,395,181,0 269,252,295,302,0 362,312,385,362,0 383,383,404,439,0 365,474,390,516,0 287,494,304,535,0 228,404,256,457,0 197,532,218,578,0
VOCdevkit/VOC2007/JPEGImages/boat44_flip.jpg 1,492,237,1069,0 404,418,644,1011,0 786,499,1025,1061,0 1299,429,1559,1000,0 1715,325,2000,877,0
VOCdevkit/VOC2007/JPEGImages/boat45.jpg 669,887,889,1319,0 576,976,737,1329,0 473,1000,640,1333,0 335,971,509,1313,0 192,953,399,1333,0 6,867,262,1312,0 247,460,589,798,0 396,393,688,742,0 475,258,750,625,0 631,186,854,564,0 767,170,1001,584,0 921,160,1112,574,0 1073,180,1233,596,0 1215,212,1354,605,0 1349,235,1482,631,0 1475,206,1650,650,0 1606,198,1798,596,0 1731,276,1947,653,0 1851,306,2000,706,0
VOCdevkit/VOC2007/JPEGImages/boat46.jpg 1422,819,1799,1067,0 1438,722,1775,884,0 1421,638,1740,763,0 1453,524,1744,654,0 1443,437,1757,566,0 740,624,1033,728,0 773,722,1027,806,0 767,800,1017,884,0 734,876,973,966,0 691,964,972,1061,0 620,1064,928,1208,0 740,1140,1021,1267,0 1009,515,1327,650,0 1070,612,1389,722,0 1062,734,1380,812,0 1018,799,1364,929,0 1027,909,1340,1063,0 1057,1008,1364,1153,0 1080,1102,1422,1271,0 1121,1203,1425,1324,0 333,760,628,945,0 309,669,608,847,0 249,609,535,763,0 227,519,512,641,0 233,422,550,531,0 262,317,576,424,0 299,205,609,351,0 356,108,647,266,0 398,18,691,180,0
VOCdevkit/VOC2007/JPEGImages/boat46_flip.jpg 225,803,583,1060,0 228,727,569,886,0 279,640,580,764,0 262,544,556,670,0 243,438,551,569,0 680,521,988,642,0 620,615,954,744,0 637,708,956,832,0 633,789,1001,947,0 647,913,982,1079,0 644,1016,943,1167,0 579,1105,941,1266,0 566,1200,883,1333,0 973,1141,1257,1271,0 1085,1058,1391,1208,0 1035,964,1318,1080,0 1044,884,1267,969,0 995,809,1243,880,0 970,729,1241,811,0 985,627,1276,734,0 1379,767,1670,956,0 1395,669,1680,845,0 1469,615,1751,763,0 1475,519,1780,642,0 1453,422,1776,525,0 1418,331,1767,412,0 1393,202,1709,329,0 1364,106,1653,250,0 1308,13,1604,174,0
VOCdevkit/VOC2007/JPEGImages/boat47.jpg 1620,929,1850,1016,0 1612,857,1820,950,0 1614,761,1814,893,0 1559,689,1776,840,0 1515,637,1718,787,0 1496,569,1686,719,0 1464,496,1667,663,0 1440,428,1621,612,0 1388,363,1582,563,0 1359,306,1512,508,0 1305,271,1427,483,0 1233,273,1349,487,0 1169,248,1246,470,0 1063,557,1238,742,0 1022,540,1166,698,0 979,506,1121,654,0 962,445,1099,600,0 909,382,1057,563,0 895,289,1021,499,0 782,322,922,525,0 1008,751,1149,954,0 934,731,1072,951,0 895,693,1022,903,0 824,625,986,860,0 779,577,921,809,0 735,543,846,756,0 646,512,795,763,0 591,499,714,727,0 506,486,628,721,0 469,444,573,645,0 386,411,506,658,0 80,150,188,303,0 82,618,183,757,0 247,1118,343,1283,0 338,1158,433,1333,0 650,799,757,1084,0 857,1021,1018,1219,0 822,976,951,1174,0 772,924,915,1129,0 698,877,841,1113,0 547,1229,606,1333,0
VOCdevkit/VOC2007/JPEGImages/boat48.jpg 315,261,358,291,0 408,177,433,235,0 410,241,437,282,0 432,243,450,285,0 447,211,467,257,0 443,255,474,296,0 452,250,492,292,0 770,158,795,189,0 475,234,515,263,0 463,242,502,276,0 480,223,527,251,0 484,211,526,235,0 490,191,525,214,0 497,181,529,199,0 497,169,537,186,0 509,159,536,173,0 507,149,547,167,0 515,138,556,164,0 544,165,578,179,0 556,176,591,197,0 551,187,583,207,0 554,238,587,269,0 559,228,598,256,0 567,220,611,244,0 568,207,604,227,0 625,231,663,245,0 625,217,666,231,0 665,235,712,252,0 669,222,713,236,0 669,209,713,225,0 671,198,716,210,0 724,128,744,162,0 732,123,752,153,0 719,221,757,236,0 727,237,754,252,0 731,246,772,263,0 760,169,786,208,0
VOCdevkit/VOC2007/JPEGImages/boat48_flip.jpg 445,262,483,287,0 360,241,392,274,0 352,246,369,282,0 328,260,355,294,0 331,218,355,254,0 307,254,348,291,0 300,244,335,276,0 285,235,326,263,0 276,224,324,250,0 273,213,320,236,0 273,193,309,214,0 271,184,302,202,0 262,170,303,189,0 262,161,294,176,0 256,148,295,170,0 244,139,285,164,0 225,167,259,179,0 212,178,245,196,0 219,189,247,207,0 211,242,245,271,0 206,229,241,257,0 190,221,234,245,0 195,211,238,224,0 45,122,70,157,0 58,127,77,161,0 136,218,177,231,0 134,231,179,245,0 89,197,130,210,0 85,212,134,222,0 85,224,133,236,0 89,233,133,251,0 26,246,70,265,0 36,233,75,251,0 43,220,79,237,0 15,171,38,207,0 7,158,24,191,0
VOCdevkit/VOC2007/JPEGImages/boat49.jpg 13,130,99,206,0 77,116,172,208,0 140,138,290,269,0 239,159,357,331,0 353,120,427,265,0 118,271,214,471,0 379,196,564,363,0 479,212,617,391,0 576,244,682,437,0 684,222,785,425,0
VOCdevkit/VOC2007/JPEGImages/boat49_flip.jpg 20,228,107,422,0 115,245,227,438,0 179,215,325,397,0 248,201,419,366,0 373,124,454,266,0 436,160,561,335,0 506,142,661,267,0 587,272,680,467,0 625,117,727,205,0 699,127,789,209,0
VOCdevkit/VOC2007/JPEGImages/boat50.jpg 11,149,219,231,0 17,230,215,312,0 36,296,234,390,0 281,147,546,271,0 284,250,529,341,0 285,334,529,413,0 304,413,521,500,0 554,128,776,234,0 541,233,769,326,0
VOCdevkit/VOC2007/JPEGImages/boat50_flip.jpg 30,133,246,237,0 30,234,264,324,0 257,146,506,268,0 273,256,521,336,0 278,335,511,416,0 279,417,490,500,0 569,294,757,394,0 587,226,781,316,0 583,147,800,231,0
VOCdevkit/VOC2007/JPEGImages/boat51.jpg 525,315,655,373,0 45,216,230,278,0 98,386,251,449,0 172,535,351,594,0
VOCdevkit/VOC2007/JPEGImages/boat53.jpg 220,219,237,242,0 258,272,280,293,0 224,334,242,354,0 314,248,333,275,0 293,169,308,197,0 306,168,323,194,0 451,143,488,185,0 480,187,505,213,0 528,234,547,260,0 494,261,518,283,0 541,291,564,314,0 591,425,615,448,0 524,426,545,452,0 438,365,456,386,0 431,315,455,335,0 414,296,441,314,0
VOCdevkit/VOC2007/JPEGImages/boat53_flip.jpg 264,146,295,186,0 243,190,267,214,0 203,235,221,260,0 231,261,255,283,0 185,294,203,314,0 297,319,320,336,0 310,296,333,314,0 415,249,433,273,0 429,169,441,193,0 444,172,456,194,0 510,220,527,243,0 472,271,490,292,0 507,335,527,356,0 294,361,313,387,0 208,427,226,450,0 134,427,157,448,0
VOCdevkit/VOC2007/JPEGImages/boat54.jpg 139,296,160,332,0 422,322,477,349,0 494,103,580,148,0 129,98,225,133,0
VOCdevkit/VOC2007/JPEGImages/boat54_flip.jpg 143,98,225,149,0 245,320,306,358,0 555,292,583,333,0 498,99,597,131,0
VOCdevkit/VOC2007/JPEGImages/boat56.jpg 452,311,509,396,0 350,319,389,365,0 465,286,520,362,0 493,289,539,352,0 508,276,571,351,0 529,257,579,330,0 554,260,593,320,0 577,254,610,314,0 592,254,628,307,0 608,250,633,298,0 615,222,663,305,0 202,212,227,261,0 223,209,256,261,0 266,181,291,221,0 219,102,255,148,0 168,123,189,163,0 134,121,164,155,0 504,1,567,39,0 534,43,584,99,0 516,55,565,106,0 487,54,550,113,0 471,70,536,123,0 447,83,512,134,0 450,175,497,232,0 468,165,523,232,0 492,157,542,221,0 511,146,566,212,0 532,139,590,209,0 559,136,610,202,0 580,132,624,195,0
VOCdevkit/VOC2007/JPEGImages/boat56_flip.jpg 460,101,490,148,0 521,125,546,163,0 547,116,575,154,0 485,218,512,259,0 458,210,486,264,0 417,181,445,226,0 319,315,362,372,0 200,312,260,399,0 190,285,245,365,0 170,288,216,356,0 146,275,200,352,0 132,258,188,329,0 117,262,155,321,0 101,258,137,314,0 88,255,119,306,0 74,253,99,297,0 48,225,96,304,0 215,176,258,230,0 188,168,237,231,0 164,156,220,223,0 142,148,191,216,0 121,143,171,209,0 101,137,150,204,0 83,138,128,196,0 203,85,262,135,0 184,72,239,125,0 167,58,216,115,0 147,55,195,107,0 130,42,181,100,0 145,1,206,38,0
VOCdevkit/VOC2007/JPEGImages/boat58_flip.jpg 343,316,462,366,0 736,375,875,441,0 754,213,931,274,0 636,528,805,581,0
VOCdevkit/VOC2007/JPEGImages/boat60.jpg 328,58,430,170,0 375,173,477,241,0 485,265,571,379,0 365,232,466,267,0 365,264,491,298,0 372,296,500,340,0 364,328,488,386,0 385,419,450,470,0 362,456,493,560,0 377,522,490,611,0 362,641,490,687,0 358,685,486,725,0 355,728,483,768,0 350,762,457,796,0 170,351,311,396,0 216,479,305,523,0 244,520,310,607,0 272,90,333,177,0 240,91,312,186,0 204,104,302,212,0 216,165,311,274,0 209,210,316,330,0 182,222,252,292,0 232,278,319,362,0 134,583,311,651,0 106,632,312,698,0 144,702,304,752,0 166,742,306,796,0
VOCdevkit/VOC2007/JPEGImages/boat60_flip.jpg 211,58,312,170,0 305,90,367,173,0 327,91,395,191,0 334,118,427,216,0 325,168,424,273,0 326,212,427,330,0 330,292,408,368,0 386,229,449,295,0 327,349,466,396,0 338,481,421,518,0 331,519,400,605,0 333,580,506,655,0 328,639,532,696,0 330,703,488,748,0 339,742,474,800,0 189,413,251,466,0 174,176,264,244,0 167,237,277,266,0 147,257,270,297,0 144,297,280,339,0 153,333,278,381,0 64,261,155,376,0 149,448,277,551,0 134,511,271,607,0 149,640,281,691,0 154,687,283,730,0 153,725,290,762,0 179,757,288,794,0
VOCdevkit/VOC2007/JPEGImages/boat61.jpg 535,201,830,427,0
VOCdevkit/VOC2007/JPEGImages/boat61_flip.jpg 254,205,541,420,0
VOCdevkit/VOC2007/JPEGImages/boat63.jpg 709,267,875,831,0
VOCdevkit/VOC2007/JPEGImages/boat63_flip.jpg 1027,274,1232,836,0
VOCdevkit/VOC2007/JPEGImages/boat65.jpg 1970,328,2243,1092,0
VOCdevkit/VOC2007/JPEGImages/boat65_flip.jpg 1870,328,2119,1080,0
VOCdevkit/VOC2007/JPEGImages/boat67.jpg 375,527,540,808,0 747,108,966,362,0 1458,112,1602,359,0
VOCdevkit/VOC2007/JPEGImages/boat67_flip.jpg 1387,549,1537,813,0 966,115,1140,367,0 326,119,444,367,0
VOCdevkit/VOC2007/JPEGImages/boat69.jpg 452,238,544,273,0
VOCdevkit/VOC2007/JPEGImages/boat7.jpg 388,352,424,399,0
VOCdevkit/VOC2007/JPEGImages/boat8.jpg 376,351,414,398,0
VOCdevkit/VOC2007/JPEGImages/GN001.jpg 215,276,276,303,0 245,230,314,252,0
VOCdevkit/VOC2007/JPEGImages/GN002.jpg 126,346,182,388,0 155,319,214,361,0 194,311,262,332,0 280,317,315,378,0 239,288,308,315,0 271,261,324,295,0 277,251,337,281,0 351,153,393,201,0 370,143,434,187,0
VOCdevkit/VOC2007/JPEGImages/GN003.jpg 302,253,352,277,0
VOCdevkit/VOC2007/JPEGImages/GN004.jpg 244,346,309,362,0 272,296,323,314,0
VOCdevkit/VOC2007/JPEGImages/GN005.jpg 220,298,272,338,0
VOCdevkit/VOC2007/JPEGImages/GN006.jpg 185,196,273,227,0 260,87,306,109,0
VOCdevkit/VOC2007/JPEGImages/GN007.jpg 253,446,299,463,0 287,335,343,366,0
VOCdevkit/VOC2007/JPEGImages/GN009.jpg 262,392,313,411,0 261,377,315,394,0 332,196,389,222,0
VOCdevkit/VOC2007/JPEGImages/GN01.jpg 304,130,314,155,0 299,153,320,178,0 191,181,202,201,0 196,190,212,205,0 169,211,183,232,0 181,209,189,228,0 199,204,217,227,0
VOCdevkit/VOC2007/JPEGImages/GN010.jpg 276,149,331,183,0
VOCdevkit/VOC2007/JPEGImages/GN011.jpg 366,75,410,109,0 325,284,359,320,0
VOCdevkit/VOC2007/JPEGImages/GN012.jpg 218,547,249,585,0 283,537,325,553,0 255,531,265,569,0 263,534,282,565,0 235,509,275,532,0 259,477,287,512,0 277,440,312,462,0 272,414,313,432,0 280,392,322,408,0 288,371,323,389,0 294,358,334,370,0 299,330,334,356,0 318,314,350,341,0 379,58,424,71,0 379,42,425,58,0
VOCdevkit/VOC2007/JPEGImages/GN013.jpg 206,437,241,475,0 222,420,268,451,0 220,405,272,417,0 231,377,278,404,0 239,359,281,383,0 254,328,300,353,0 248,296,293,315,0 278,237,318,277,0 291,213,346,234,0 241,189,286,206,0 327,154,359,192,0 287,173,308,210,0 301,173,322,214,0
VOCdevkit/VOC2007/JPEGImages/GN018.jpg 158,438,187,466,0 148,400,178,428,0 156,415,194,437,0 206,346,244,378,0 222,361,270,380,0 307,384,354,403,0 428,406,459,435,0
VOCdevkit/VOC2007/JPEGImages/GN02.jpg 232,275,280,298,0
VOCdevkit/VOC2007/JPEGImages/GN020.jpg 218,103,264,118,0
VOCdevkit/VOC2007/JPEGImages/GN021.jpg 255,248,274,282,0 217,366,255,380,0
VOCdevkit/VOC2007/JPEGImages/GN022.jpg 104,241,134,277,0 212,266,255,282,0 298,278,343,294,0 325,278,350,312,0 367,185,396,209,0 367,209,401,235,0 382,216,405,253,0
VOCdevkit/VOC2007/JPEGImages/GN023.jpg 258,141,273,180,0 270,135,291,170,0 281,109,301,145,0 328,85,345,132,0
VOCdevkit/VOC2007/JPEGImages/GN024.jpg 104,155,141,175,0 356,420,385,452,0
VOCdevkit/VOC2007/JPEGImages/GN025.jpg 287,195,326,215,0 301,218,343,234,0 316,238,357,255,0
VOCdevkit/VOC2007/JPEGImages/GN026.jpg 170,325,191,372,0 164,390,178,426,0 193,350,206,382,0 206,355,220,383,0 211,341,231,376,0 191,309,210,344,0 230,358,248,392,0 239,337,251,373,0 255,344,272,371,0 257,318,273,357,0 270,328,284,363,0 282,324,294,354,0
VOCdevkit/VOC2007/JPEGImages/GN028.jpg 143,154,194,187,0 67,325,100,376,0
VOCdevkit/VOC2007/JPEGImages/GN029.jpg 291,214,351,235,0
VOCdevkit/VOC2007/JPEGImages/GN03.jpg 239,388,268,411,0 256,413,277,442,0 400,291,414,329,0 386,289,405,323,0 365,271,398,299,0 409,249,437,285,0 400,253,425,287,0
VOCdevkit/VOC2007/JPEGImages/GN030.jpg 215,225,271,249,0
VOCdevkit/VOC2007/JPEGImages/GN031.jpg 199,268,240,297,0
VOCdevkit/VOC2007/JPEGImages/GN032.jpg 50,231,68,286,0
VOCdevkit/VOC2007/JPEGImages/GN033.jpg 235,304,252,346,0 306,328,346,354,0 335,341,374,365,0
VOCdevkit/VOC2007/JPEGImages/GN034.jpg 236,167,277,199,0 250,177,289,219,0 265,190,299,232,0
VOCdevkit/VOC2007/JPEGImages/GN035.jpg 206,245,248,302,0
VOCdevkit/VOC2007/JPEGImages/GN037.jpg 129,232,174,259,0
VOCdevkit/VOC2007/JPEGImages/GN038.jpg 450,114,481,165,0 354,257,394,291,0 367,182,400,218,0 346,204,387,233,0 421,324,455,372,0 441,370,494,387,0
VOCdevkit/VOC2007/JPEGImages/GN039.jpg 366,349,417,377,0
VOCdevkit/VOC2007/JPEGImages/GN04.jpg 51,307,77,327,0
VOCdevkit/VOC2007/JPEGImages/GN040.jpg 198,330,230,375,0 225,348,270,394,0 213,341,244,388,0
VOCdevkit/VOC2007/JPEGImages/GN042.jpg 289,58,317,119,0
VOCdevkit/VOC2007/JPEGImages/GN043.jpg 283,210,329,281,0
VOCdevkit/VOC2007/JPEGImages/GN044.jpg 233,268,317,299,0
VOCdevkit/VOC2007/JPEGImages/GN045.jpg 250,292,283,313,0 221,317,256,348,0 217,341,251,360,0 189,359,238,375,0 107,476,143,496,0 113,487,152,513,0 101,503,137,520,0
VOCdevkit/VOC2007/JPEGImages/GN046.jpg 312,253,359,309,0
VOCdevkit/VOC2007/JPEGImages/GN047.jpg 274,329,311,366,0
VOCdevkit/VOC2007/JPEGImages/GN048.jpg 258,132,305,158,0 247,149,308,168,0 266,165,312,180,0 218,326,260,360,0 205,365,262,378,0 200,378,258,405,0 201,427,231,457,0
VOCdevkit/VOC2007/JPEGImages/GN049.jpg 214,240,273,282,0
VOCdevkit/VOC2007/JPEGImages/GN050.jpg 168,189,232,215,0 165,222,232,241,0
VOCdevkit/VOC2007/JPEGImages/GN051.jpg 332,168,361,191,0 308,196,343,230,0 292,218,332,238,0 279,244,329,266,0 200,353,229,387,0 186,373,215,400,0
VOCdevkit/VOC2007/JPEGImages/GN053.jpg 99,71,131,95,0 152,453,174,486,0 428,423,453,441,0
VOCdevkit/VOC2007/JPEGImages/GN054.jpg 269,268,332,329,0
VOCdevkit/VOC2007/JPEGImages/GN055.jpg 271,292,308,342,0
VOCdevkit/VOC2007/JPEGImages/GN056.jpg 185,109,231,141,0 363,487,419,509,0
VOCdevkit/VOC2007/JPEGImages/GN057.jpg 363,268,413,291,0
VOCdevkit/VOC2007/JPEGImages/GN058.jpg 310,20,340,73,0 77,409,155,441,0
VOCdevkit/VOC2007/JPEGImages/GN059.jpg 318,237,370,262,0 331,247,386,280,0
VOCdevkit/VOC2007/JPEGImages/GN06.jpg 256,445,293,506,0 344,80,408,130,0
VOCdevkit/VOC2007/JPEGImages/GN061.jpg 71,159,91,190,0 341,491,365,523,0 372,497,391,525,0 425,197,472,211,0
VOCdevkit/VOC2007/JPEGImages/GN063.jpg 236,206,282,246,0 351,250,410,282,0
VOCdevkit/VOC2007/JPEGImages/GN064.jpg 44,7,114,50,0 487,394,537,453,0 512,545,570,582,0
VOCdevkit/VOC2007/JPEGImages/GN065.jpg 271,268,323,307,0
VOCdevkit/VOC2007/JPEGImages/GN066.jpg 189,280,232,300,0
VOCdevkit/VOC2007/JPEGImages/GN067.jpg 256,323,310,344,0
VOCdevkit/VOC2007/JPEGImages/GN068.jpg 258,214,285,277,0
VOCdevkit/VOC2007/JPEGImages/GN069.jpg 276,392,353,423,0 283,416,358,444,0
VOCdevkit/VOC2007/JPEGImages/GN07.jpg 208,337,246,377,0 334,107,355,154,0
VOCdevkit/VOC2007/JPEGImages/GN070.jpg 209,153,268,193,0 281,192,327,253,0 363,227,408,329,0
VOCdevkit/VOC2007/JPEGImages/GN071.jpg 473,116,540,136,0 476,135,539,155,0 434,232,453,292,0 448,236,468,320,0 398,294,441,336,0 413,279,452,320,0 400,418,451,448,0 402,441,452,467,0 395,454,448,489,0
VOCdevkit/VOC2007/JPEGImages/GN072.jpg 1,19,72,48,0 10,36,73,66,0 28,49,89,77,0 121,135,192,158,0 125,158,199,180,0 128,181,185,251,0 161,187,204,232,0 208,330,251,388,0 225,342,272,394,0
VOCdevkit/VOC2007/JPEGImages/GN074.jpg 313,87,341,135,0 349,112,368,156,0 472,442,491,478,0 483,436,501,468,0
VOCdevkit/VOC2007/JPEGImages/GN075.jpg 406,242,455,298,0 422,260,473,310,0
VOCdevkit/VOC2007/JPEGImages/GN076.jpg 288,263,375,303,0
VOCdevkit/VOC2007/JPEGImages/GN077.jpg 196,346,232,379,0
VOCdevkit/VOC2007/JPEGImages/GN078.jpg 256,234,341,277,0
VOCdevkit/VOC2007/JPEGImages/GN079.jpg 215,218,283,274,0
VOCdevkit/VOC2007/JPEGImages/GN08.jpg 220,357,274,379,0
VOCdevkit/VOC2007/JPEGImages/GN081.jpg 43,182,137,215,0 246,259,355,398,0
VOCdevkit/VOC2007/JPEGImages/GN082.jpg 250,153,289,186,0 299,183,339,222,0 357,201,391,273,0
VOCdevkit/VOC2007/JPEGImages/GN083.jpg 320,37,399,56,0 323,60,400,78,0 250,190,278,265,0 266,193,303,284,0 186,296,268,315,0 194,317,272,344,0 190,435,264,480,0 195,467,263,500,0 186,486,260,524,0
VOCdevkit/VOC2007/JPEGImages/GN084.jpg 91,8,139,44,0 103,25,151,58,0 122,35,167,66,0 196,82,212,131,0 212,87,231,139,0 217,149,265,204,0 241,153,282,192,0 298,275,326,327,0 310,287,339,332,0 570,394,585,438,0 577,389,598,430,0
VOCdevkit/VOC2007/JPEGImages/GN085.jpg 57,96,103,142,0 139,146,163,200,0 163,151,179,199,0 174,141,194,185,0 189,147,212,194,0 213,136,228,192,0 244,153,261,199,0 266,161,300,207,0 381,222,410,272,0 417,229,442,273,0 439,237,467,277,0
VOCdevkit/VOC2007/JPEGImages/GN087.jpg 176,32,219,63,0 150,12,166,62,0 89,527,127,544,0 281,91,306,131,0 262,135,293,166,0 290,140,337,203,0 310,237,348,254,0
VOCdevkit/VOC2007/JPEGImages/GN088.jpg 139,215,212,245,0 146,235,209,256,0 173,242,220,273,0 217,246,237,301,0 291,420,310,455,0 305,387,346,450,0 350,406,396,451,0
VOCdevkit/VOC2007/JPEGImages/GN089.jpg 145,55,160,89,0 142,135,170,173,0 148,154,200,184,0 191,177,209,226,0 206,201,243,232,0 218,237,266,265,0 248,431,279,496,0 189,84,214,127,0 187,59,212,97,0 206,51,254,74,0 215,73,239,116,0
VOCdevkit/VOC2007/JPEGImages/GN090.jpg 228,152,274,170,0 245,159,282,215,0 284,178,308,217,0 218,327,256,361,0 231,359,275,384,0 236,380,277,418,0 220,384,255,444,0
VOCdevkit/VOC2007/JPEGImages/GN091.jpg 223,204,267,244,0 201,324,224,369,0 180,258,210,344,0 158,348,184,403,0 191,480,213,538,0
VOCdevkit/VOC2007/JPEGImages/GN092.jpg 222,218,262,255,0
VOCdevkit/VOC2007/JPEGImages/GN095.jpg 74,31,98,82,0 122,67,151,121,0 126,35,154,84,0 146,34,197,56,0 158,57,179,108,0 69,133,105,169,0 77,151,132,185,0 122,184,144,233,0 137,208,187,241,0 148,256,210,279,0 171,480,205,551,0
VOCdevkit/VOC2007/JPEGImages/GN096.jpg 285,204,350,299,0
VOCdevkit/VOC2007/JPEGImages/GN101.jpg 135,20,161,67,0 27,305,47,382,0 89,547,144,590,0 113,149,167,194,0 281,472,314,493,0 289,448,325,475,0 289,430,335,461,0 344,366,370,440,0 343,291,390,327,0 345,299,400,338,0 337,333,378,366,0
VOCdevkit/VOC2007/JPEGImages/source.jpg 440,398,468,470,0 383,332,451,389,0 376,385,451,403,0 383,391,450,438,0
VOCdevkit/VOC2007/JPEGImages/sourceflip.jpg 331,333,400,359,0 362,352,407,416,0 397,354,428,420,0 414,350,466,417,0
VOCdevkit/VOC2007/JPEGImages/boat15.jpg 413,340,456,383,0 408,380,466,416,0 403,394,451,439,0 393,404,439,448,0 377,411,426,455,0 363,422,392,478,0 348,430,383,484,0 301,462,353,499,0
VOCdevkit/VOC2007/JPEGImages/boat16.jpg 345,340,387,386,0 337,381,389,417,0 353,396,397,438,0 362,407,406,446,0 373,412,424,458,0 407,423,429,478,0 415,430,451,482,0 443,461,500,498,0
VOCdevkit/VOC2007/JPEGImages/boat18.jpg 349,381,383,450,0 337,451,379,490,0
VOCdevkit/VOC2007/JPEGImages/boat23.jpg 346,453,387,501,0 388,378,408,438,0
VOCdevkit/VOC2007/JPEGImages/boat35_flip.jpg 1354,607,1427,691,0 1246,634,1320,731,0 1326,965,1367,1007,0 1238,945,1307,1031,0 1217,851,1274,927,0 1215,835,1258,869,0 1166,717,1234,793,0 1155,783,1224,867,0 1152,868,1195,956,0 1100,956,1186,995,0 969,930,1061,984,0 866,1100,943,1185,0 885,599,961,701,0 924,708,959,790,0 971,772,1018,874,0 1008,714,1054,794,0 1035,696,1112,789,0 1103,703,1154,799,0 1104,752,1172,841,0 1047,804,1113,879,0 807,910,898,945,0 885,857,929,943,0 909,808,950,890,0 815,757,904,818,0 766,718,818,806,0 698,725,742,821,0 769,847,852,916,0 992,1190,1047,1279,0 975,1227,1030,1320,0 754,1186,822,1275,0
VOCdevkit/VOC2007/JPEGImages/boat44.jpg 1,322,283,871,0 427,422,691,1006,0 963,493,1228,1063,0 1331,408,1599,983,0 1764,492,2000,1074,0
VOCdevkit/VOC2007/JPEGImages/boat5.jpg 330,137,387,173,0 435,235,501,268,0 427,254,481,293,0 409,254,439,311,0 361,250,392,310,0 393,257,413,306,0 366,383,411,424,0 359,367,405,413,0 353,353,393,405,0 344,338,388,388,0 338,313,385,363,0
VOCdevkit/VOC2007/JPEGImages/boat6.jpg 302,230,363,268,0 322,254,378,290,0 365,255,391,310,0 384,251,411,304,0 408,247,439,308,0 416,137,470,171,0 417,313,463,360,0 419,337,459,385,0 409,353,455,402,0 395,369,439,412,0 387,383,438,425,0
VOCdevkit/VOC2007/JPEGImages/GN008.jpg 275,345,337,403,0
VOCdevkit/VOC2007/JPEGImages/GN014.jpg 181,219,196,278,0 199,217,216,277,0 213,239,239,292,0 222,199,252,255,0 257,195,274,265,0 270,162,294,233,0 291,199,331,262,0 314,181,337,240,0 327,194,365,253,0 332,256,356,328,0 370,209,401,294,0 397,120,434,175,0
VOCdevkit/VOC2007/JPEGImages/GN019.jpg 1,225,46,240,0 34,136,72,153,0
VOCdevkit/VOC2007/JPEGImages/GN041.jpg 172,258,212,307,0 206,280,272,304,0 342,265,358,318,0
VOCdevkit/VOC2007/JPEGImages/GN060.jpg 41,60,63,89,0 65,54,101,86,0 110,446,158,471,0 557,299,575,339,0
VOCdevkit/VOC2007/JPEGImages/GN09.jpg 95,487,109,523,0 83,518,125,538,0 134,520,153,554,0 164,501,187,530,0 178,495,204,523,0 183,482,212,498,0 196,431,229,448,0 205,485,220,539,0 220,414,246,449,0 220,435,243,466,0 215,450,255,481,0 194,334,227,347,0 194,344,237,358,0 283,203,305,249,0 206,265,244,282,0 215,270,248,291,0 322,47,364,71,0
VOCdevkit/VOC2007/JPEGImages/GN098.jpg 215,84,256,166,0
VOCdevkit/VOC2007/JPEGImages/GN099.jpg 33,79,68,96,0 39,103,89,120,0 46,113,101,139,0 32,160,112,231,0 112,207,134,271,0 131,236,148,308,0 150,239,165,307,0 532,260,589,299,0 429,132,457,207,0
VOCdevkit/VOC2007/JPEGImages/GN100.jpg 98,238,121,292,0 190,177,213,231,0 181,409,209,456,0 452,235,516,277,0 393,1,417,66,0 377,459,409,504,0 193,430,241,468,0
